baby_subject_id SNP1 SNP2 SNP3 SNP4 SNP5 SNP6 SNP7 SNP8 SNP9 SNP10 SNP11 SNP12 SNP13 SNP14 SNP15 SNP16 SNP17 SNP18 SNP19 SNP20 SNP21 SNP22 SNP23 SNP24 SNP25 SNP26 SNP27 SNP28 SNP29 SNP30 SNP31 SNP32 SNP33 SNP34 SNP35 SNP36 SNP37 SNP38 SNP39 SNP40 SNP41 SNP42 SNP43 SNP44 SNP45 SNP46 SNP47 SNP48 SNP49 SNP50
baby_sub1 1 0 0 1 0 0 1 1 1 1 0 1 1 0 0 1 0 0 0 0 0 1 1 0 0 0 0 1 0 2 0 2 1 0 1 0 1 0 0 1 1 0 0 1 0 1 2 0 0 1
baby_sub2 2 2 0 1 0 0 0 0 0 1 0 1 1 2 2 0 0 0 1 0 1 2 1 2 0 2 1 1 1 1 0 1 1 0 0 0 1 1 0 0 2 0 0 0 0 0 2 0 0 1
baby_sub3 0 1 0 1 0 0 1 0 1 1 0 0 0 2 1 0 1 1 0 0 0 1 0 0 0 1 0 0 1 0 0 0 1 0 0 1 1 1 0 0 0 0 0 1 0 0 1 0 1 0
baby_sub4 1 0 0 0 0 0 0 0 0 1 1 0 1 1 1 1 0 0 1 1 1 1 1 0 1 2 1 0 0 2 0 1 0 0 0 0 1 2 0 1 0 0 0 0 1 1 1 0 0 1
baby_sub5 1 1 0 1 0 0 1 0 1 1 0 0 0 0 1 1 0 0 1 0 0 1 0 0 0 1 1 0 0 2 0 2 0 0 0 1 1 0 0 1 2 0 0 0 0 1 1 0 1 1
baby_sub6 1 1 0 1 0 0 0 0 0 0 0 1 0 0 1 0 0 0 0 0 1 0 0 1 0 1 0 0 1 1 1 1 0 0 0 0 0 0 0 0 0 0 1 0 0 0 2 0 0 1
baby_sub7 1 1 0 1 0 0 2 1 1 1 1 2 2 1 0 0 0 0 1 1 0 1 0 1 0 0 2 0 0 2 0 0 0 0 1 0 2 0 0 0 0 0 0 0 1 0 0 0 0 0
baby_sub8 0 1 0 1 1 0 0 1 0 0 0 1 0 0 0 1 0 0 0 1 0 0 1 0 0 1 1 0 0 0 0 0 0 1 0 0 0 1 1 0 0 0 1 0 0 1 1 0 0 1
baby_sub9 2 0 1 1 0 0 1 0 0 1 1 1 1 1 0 0 0 0 0 1 1 2 0 2 0 1 2 0 1 1 1 1 0 0 0 1 1 0 0 0 1 0 0 0 1 1 1 0 1 0
baby_sub10 0 0 0 0 0 0 0 0 0 2 0 1 1 2 0 0 1 0 1 0 0 1 0 0 1 0 1 1 1 1 0 1 0 0 0 0 2 0 0 1 0 1 0 0 1 1 0 0 0 0
baby_sub11 1 0 0 1 0 0 2 1 2 1 1 1 0 1 1 0 1 0 1 0 0 0 0 2 1 1 2 0 2 0 0 0 0 0 2 0 1 0 1 0 1 0 0 0 1 1 1 0 0 0
baby_sub12 1 1 0 1 0 0 1 0 0 0 1 1 0 0 0 0 1 0 2 0 0 1 1 1 0 1 0 0 1 2 1 2 0 0 1 1 0 1 0 1 1 0 0 1 0 1 1 0 1 0
baby_sub13 1 0 0 2 1 0 1 1 1 0 1 2 0 2 0 1 0 0 0 0 0 0 1 0 0 0 2 0 0 1 1 1 0 1 1 1 0 0 0 1 0 0 0 1 0 1 2 0 1 0
baby_sub14 0 1 0 2 0 0 1 0 0 1 1 0 2 2 0 0 0 0 2 0 1 1 0 1 0 0 2 1 2 1 0 0 1 0 1 0 1 0 1 1 0 0 0 0 0 2 1 0 0 0
baby_sub15 1 0 0 2 0 0 0 1 1 1 1 1 1 1 1 0 0 1 0 1 0 1 1 0 0 1 1 0 1 2 0 1 1 0 0 0 1 0 1 0 0 0 0 0 1 1 1 0 0 1
baby_sub16 1 1 0 1 0 0 2 0 1 1 0 0 1 0 1 0 0 0 2 0 1 1 0 0 0 1 2 0 1 0 0 0 0 0 2 1 1 1 1 1 2 0 0 0 1 1 0 0 1 1
baby_sub17 0 0 0 1 0 0 1 2 1 1 0 1 1 1 2 0 0 1 0 0 1 1 1 1 0 1 2 0 1 1 0 2 1 0 2 0 1 1 0 0 1 1 0 0 1 0 1 0 0 0
baby_sub18 0 1 0 1 0 0 0 0 0 2 2 2 0 1 0 0 0 0 1 0 1 1 1 2 1 1 2 0 1 2 0 0 0 0 1 0 2 1 1 0 0 0 0 1 2 1 0 0 0 2
baby_sub19 2 1 0 1 0 0 1 0 0 0 0 1 0 0 0 1 0 0 1 0 1 2 1 0 0 1 1 0 1 2 0 1 0 0 0 0 0 1 0 0 1 0 0 0 0 0 1 0 0 1
baby_sub20 2 1 0 1 0 0 0 2 0 1 1 2 0 2 1 1 0 0 0 0 0 1 0 1 0 1 2 0 0 0 1 1 0 0 0 0 1 1 0 0 0 0 1 1 0 0 1 0 0 0
baby_sub21 1 1 0 0 0 0 2 1 0 1 1 1 1 1 0 0 0 0 0 0 0 1 0 1 1 2 1 1 0 1 0 1 0 0 1 1 1 1 0 0 1 0 1 0 0 0 0 0 1 1
baby_sub22 1 1 0 2 0 0 2 0 0 1 0 1 0 2 1 1 0 0 2 0 0 1 1 0 1 0 1 0 0 0 0 1 0 0 1 2 1 0 0 0 0 1 0 0 1 0 1 0 2 0
baby_sub23 0 2 0 2 0 0 1 0 1 1 1 2 1 1 1 1 0 0 2 1 1 1 0 0 0 1 0 0 0 2 0 1 0 0 0 0 1 1 0 0 0 0 0 0 1 0 1 0 0 0
baby_sub24 2 0 0 1 0 1 1 1 1 1 1 1 1 1 0 0 0 0 1 1 0 2 0 0 0 0 0 0 0 1 1 2 1 0 0 0 1 0 0 2 2 0 0 1 1 2 0 0 0 1
baby_sub25 1 0 0 1 0 0 1 0 1 2 0 0 2 0 1 1 0 0 0 1 0 1 0 0 1 2 0 0 1 1 0 1 1 0 0 1 2 1 0 1 0 0 1 0 2 1 2 0 1 1
baby_sub26 2 0 0 1 0 0 2 1 0 1 1 2 1 2 0 1 0 0 0 1 0 2 0 0 1 2 1 0 0 0 1 0 0 0 1 1 1 1 1 0 2 0 1 0 1 1 0 1 1 0
baby_sub27 1 1 0 2 0 0 0 1 0 1 0 1 0 0 0 0 0 0 0 0 1 1 0 1 0 0 1 1 1 1 1 0 0 0 1 0 1 0 1 1 0 0 0 0 0 2 2 0 0 1
baby_sub28 1 1 0 1 0 0 1 1 1 1 1 0 1 1 2 1 0 0 2 1 1 1 0 0 0 2 1 0 0 1 1 1 1 0 0 0 1 2 1 0 2 0 0 0 1 1 0 0 0 1
baby_sub29 0 1 1 1 0 0 1 0 1 1 0 1 1 1 0 0 0 0 0 1 0 1 1 0 0 0 0 0 0 2 0 0 0 0 1 2 1 0 0 0 2 0 0 1 1 0 0 0 2 2
baby_sub30 2 0 0 2 0 0 0 1 0 2 0 0 0 0 1 0 0 0 1 0 1 2 0 0 1 1 2 0 0 1 0 0 0 0 0 1 2 0 0 0 0 0 0 0 1 0 2 0 1 1
baby_sub31 1 0 0 2 0 0 2 0 0 0 1 1 1 0 0 1 0 0 1 1 1 1 0 0 0 1 0 0 0 0 0 0 0 0 0 0 1 1 0 1 0 0 0 1 0 1 0 0 0 1
baby_sub32 0 0 0 1 0 0 1 1 0 1 0 0 1 1 0 1 1 0 0 1 0 1 0 1 0 1 0 0 1 2 0 1 1 0 1 0 1 1 0 0 0 1 0 0 1 1 0 0 0 1
baby_sub33 1 1 0 1 0 0 1 1 1 2 0 2 2 1 1 1 0 0 0 2 0 0 1 0 0 1 0 0 0 1 0 1 0 0 2 0 2 1 1 0 1 0 0 0 2 1 1 0 0 1
baby_sub34 0 0 0 2 0 0 0 0 1 1 1 1 0 0 0 0 0 0 2 0 1 0 2 0 0 0 0 0 0 2 0 0 0 0 0 0 1 0 0 0 0 0 0 1 1 1 0 0 0 1
baby_sub35 1 0 0 0 0 0 1 0 2 0 0 0 2 0 0 0 0 0 1 1 1 1 0 1 0 1 1 0 0 2 0 2 0 0 0 0 0 1 0 0 0 0 0 0 0 0 1 0 0 1
baby_sub36 2 0 0 0 0 0 0 0 0 1 0 0 0 0 0 1 1 0 0 0 1 2 1 0 0 1 1 0 1 0 0 2 1 0 2 0 1 1 0 1 0 0 0 0 1 1 1 0 0 1
baby_sub37 1 0 0 2 0 0 2 1 2 1 1 1 1 1 1 0 0 1 1 1 0 1 0 1 1 2 2 0 0 0 1 2 0 0 0 1 1 2 0 1 1 0 0 0 1 1 0 0 1 1
baby_sub38 0 1 0 0 1 0 0 0 0 2 0 0 1 2 1 0 0 0 1 1 0 0 0 1 0 1 1 0 0 0 0 2 0 0 1 0 2 1 1 0 0 0 0 0 2 1 2 0 0 0
baby_sub39 1 1 0 0 0 0 0 1 0 1 2 1 1 0 0 0 0 1 0 1 0 2 0 1 0 1 1 0 0 1 0 1 0 0 0 0 1 1 1 0 0 0 0 1 1 1 0 0 0 0
baby_sub40 1 1 0 0 0 0 2 0 0 0 0 1 1 1 1 0 0 0 2 1 0 1 0 0 0 0 0 0 0 0 0 1 0 0 0 0 0 0 1 1 0 0 0 1 0 2 2 0 0 0
baby_sub41 1 0 0 1 0 0 0 2 0 2 1 0 2 1 1 0 0 1 1 2 0 1 0 0 1 1 0 0 1 2 0 1 2 0 1 0 2 1 0 0 1 0 1 0 2 0 1 0 0 2
baby_sub42 2 0 0 2 0 0 1 1 0 0 0 1 0 2 1 0 0 0 0 0 0 0 1 2 0 0 0 0 0 1 0 1 0 0 1 1 0 0 0 1 2 0 0 0 0 1 0 0 1 1
baby_sub43 0 0 0 0 0 0 2 2 0 0 1 1 0 0 0 0 0 0 1 0 1 2 1 0 1 1 1 0 0 1 0 1 0 0 2 1 0 1 0 0 0 0 0 1 0 1 1 0 1 2
baby_sub44 0 1 0 2 1 0 1 1 1 0 0 1 0 1 1 0 0 0 1 0 1 1 0 0 1 0 1 0 0 0 0 0 0 1 0 0 0 0 0 1 0 0 0 0 0 1 1 0 0 1
baby_sub45 0 2 0 1 0 0 2 2 0 1 1 2 1 0 0 1 0 0 1 1 0 0 0 0 0 1 0 0 0 1 0 2 0 0 1 0 1 0 0 0 2 0 1 0 1 0 0 0 0 0
baby_sub46 2 0 0 2 0 0 0 1 1 2 1 1 2 1 0 1 0 0 1 2 0 0 0 0 0 1 1 0 0 0 1 1 1 0 0 0 2 0 0 1 0 0 0 0 2 1 2 1 0 0
baby_sub47 2 1 0 0 0 0 1 1 1 0 1 0 0 0 0 0 0 0 0 0 0 2 0 0 0 1 1 0 1 0 0 0 1 0 2 0 0 0 2 0 0 0 0 0 0 2 0 0 0 0
baby_sub48 0 1 0 1 0 0 0 0 1 1 0 1 0 2 1 0 0 0 1 0 0 0 0 0 1 0 1 0 0 1 0 0 0 0 0 1 1 0 0 1 2 0 0 2 0 0 0 0 1 2
baby_sub49 1 2 0 0 0 0 1 1 1 0 0 1 1 1 0 0 1 0 1 0 0 2 1 0 1 1 0 0 1 0 0 0 0 0 1 0 0 0 0 0 1 0 0 0 0 1 0 0 0 0
baby_sub50 0 1 0 0 0 0 1 0 0 2 1 2 2 1 0 0 0 0 0 2 0 0 1 0 0 1 1 0 0 1 0 2 0 0 2 0 2 1 0 0 2 0 0 0 2 0 0 0 0 0
baby_sub51 2 1 0 1 0 0 1 1 1 1 1 1 1 2 0 0 0 0 0 1 0 0 0 2 0 1 1 0 1 1 0 0 0 0 1 0 1 1 1 0 1 0 0 0 1 1 1 0 0 1
baby_sub52 1 1 0 0 0 0 2 0 0 1 0 1 1 1 0 0 0 0 1 1 0 0 0 0 0 0 1 0 0 1 0 0 0 0 1 2 1 0 0 1 0 0 0 1 1 1 2 0 2 2
baby_sub53 2 0 1 1 0 0 1 1 0 0 1 1 0 0 0 0 0 0 1 0 0 1 1 0 0 1 0 0 1 1 0 0 0 0 1 0 0 0 0 1 0 0 0 1 0 1 1 0 0 1
baby_sub54 0 1 0 0 0 0 1 1 1 1 0 2 1 1 0 0 0 0 1 1 0 1 1 0 0 0 1 0 1 2 0 1 0 0 2 1 1 0 0 0 1 1 0 0 1 0 1 0 1 1
baby_sub55 0 0 0 0 0 0 1 1 1 1 0 1 1 2 1 1 0 0 1 0 2 2 0 1 0 0 1 0 0 0 0 1 0 0 1 0 1 0 0 0 0 0 0 1 1 0 1 0 0 1
baby_sub56 2 0 0 2 0 0 2 1 1 1 1 0 1 0 0 0 0 0 1 0 0 2 0 0 0 1 2 1 1 1 1 2 0 0 0 1 1 0 1 0 1 1 0 0 0 1 0 0 1 2
baby_sub57 1 1 0 2 0 0 1 1 1 1 1 1 1 2 1 0 2 0 1 1 0 1 1 0 0 2 0 0 2 1 1 1 0 0 1 1 1 1 1 1 1 0 0 0 1 2 0 0 1 0
baby_sub58 1 1 0 1 0 0 0 0 1 0 0 2 0 2 1 1 1 0 1 0 0 1 0 2 0 1 2 0 2 0 0 0 0 0 1 1 0 1 0 1 1 1 0 0 0 0 0 0 1 0
baby_sub59 0 1 0 0 0 0 1 0 0 1 1 0 2 0 1 1 0 1 1 2 0 1 1 0 0 0 0 0 1 2 0 1 0 0 1 0 2 0 0 0 0 1 0 0 0 0 0 0 0 2
baby_sub60 1 2 1 0 0 0 0 1 2 1 1 1 1 1 0 0 0 1 1 0 0 2 0 1 1 1 0 1 1 0 0 0 0 0 1 0 1 1 2 0 1 0 1 0 0 2 0 0 0 0
baby_sub61 2 0 0 2 0 0 1 0 0 0 0 0 1 1 2 0 0 1 0 1 0 2 0 1 0 1 1 0 1 2 0 2 0 0 0 1 1 0 0 0 1 0 0 0 0 0 0 0 1 0
baby_sub62 1 0 1 0 0 0 1 1 1 1 1 0 2 1 1 0 1 0 1 2 0 1 0 0 0 1 1 0 1 1 1 1 0 0 2 0 2 1 0 1 0 0 0 0 1 1 0 0 0 1
baby_sub63 2 1 0 1 0 0 1 1 0 1 0 0 1 1 0 0 0 0 2 0 0 2 0 0 0 1 0 1 0 1 0 1 1 0 0 1 1 0 0 1 2 0 1 1 0 1 0 0 1 0
baby_sub64 1 0 0 1 0 0 1 1 0 2 0 0 2 1 0 0 1 0 1 2 1 1 0 1 0 2 2 0 2 0 0 0 0 0 1 0 1 2 0 0 0 1 0 0 1 0 0 0 0 0
baby_sub65 1 0 0 0 0 0 1 1 2 2 0 0 1 1 0 0 0 0 1 0 0 1 1 1 0 1 0 1 1 0 0 2 0 0 1 1 2 1 0 0 1 0 0 0 1 0 0 0 1 0
baby_sub66 2 0 0 1 0 0 2 2 0 1 0 0 1 2 0 0 0 0 1 1 0 2 0 1 0 2 1 0 1 1 0 1 1 0 1 0 1 1 0 1 1 0 0 0 1 2 0 1 0 0
baby_sub67 1 2 0 1 0 0 2 0 1 1 0 0 2 1 0 0 0 0 1 1 0 0 0 1 0 1 2 0 0 0 0 1 0 0 1 1 2 0 0 0 0 0 1 0 1 0 1 0 1 0
baby_sub68 1 0 1 1 0 0 1 1 1 1 0 2 1 0 0 0 0 0 1 1 0 2 0 1 0 1 1 0 0 1 0 0 0 0 1 1 1 1 1 0 2 1 0 0 1 1 1 0 1 1
baby_sub69 1 2 0 1 0 0 0 1 1 1 0 1 1 1 0 1 0 0 1 0 0 1 1 2 0 2 1 1 0 2 0 0 0 0 1 0 0 2 0 1 0 0 1 0 0 1 0 0 0 1
baby_sub70 0 0 0 0 1 0 0 0 0 2 0 1 2 2 1 0 0 0 2 1 0 1 0 1 0 1 1 0 0 0 0 1 0 1 0 0 2 0 0 1 0 0 1 0 2 1 2 0 0 1
baby_sub71 1 1 0 1 0 0 0 0 1 1 0 0 0 1 1 0 0 0 1 1 0 1 0 0 0 2 0 0 1 1 0 1 1 0 0 0 1 1 1 1 0 0 0 0 1 2 1 0 0 0
baby_sub72 0 0 0 1 1 0 0 0 0 0 0 1 0 1 0 0 1 0 0 0 1 0 1 1 0 1 0 0 1 1 0 0 0 0 2 1 0 1 0 0 1 0 0 0 0 0 0 1 1 1
baby_sub73 0 1 0 1 0 0 1 0 1 1 0 1 2 1 1 0 1 0 0 2 1 1 0 1 0 0 2 0 2 0 0 1 0 0 1 1 1 0 0 1 0 1 0 1 1 1 1 0 1 1
baby_sub74 1 1 0 1 0 0 0 0 0 1 1 1 2 1 0 0 0 0 0 2 0 1 1 2 1 1 0 0 0 2 0 2 0 0 1 0 2 1 1 1 1 0 0 1 1 2 0 0 0 0
baby_sub75 1 0 0 1 0 0 0 0 1 0 0 1 0 1 2 0 1 0 0 0 0 1 1 0 1 1 1 0 1 1 0 1 1 0 0 1 0 1 0 1 0 0 0 0 0 1 1 0 1 0
baby_sub76 0 0 0 0 0 0 0 1 1 0 0 1 1 2 1 0 0 0 1 1 1 1 0 1 0 1 1 0 0 2 0 1 0 0 1 1 0 1 0 0 1 0 0 0 0 0 0 0 1 1
baby_sub77 0 0 0 1 0 0 0 0 0 1 0 1 2 2 0 0 1 0 0 1 1 1 1 0 1 1 2 1 2 0 0 1 0 0 1 0 1 0 0 1 0 1 0 0 1 1 1 0 0 0
baby_sub78 1 0 0 0 0 0 2 0 1 2 0 0 1 2 2 0 0 0 0 1 1 1 0 1 0 0 1 0 1 2 0 1 1 0 1 1 2 0 0 0 0 0 1 0 2 0 0 0 1 2
baby_sub79 1 1 0 0 0 0 0 0 0 1 1 0 1 1 0 0 1 0 1 1 1 1 0 2 1 1 0 0 1 1 1 1 0 0 2 1 1 1 1 1 1 0 0 0 1 2 0 0 1 0
baby_sub80 1 0 0 0 0 0 0 0 0 0 0 1 0 1 1 0 1 1 1 0 1 0 0 1 0 2 0 0 2 1 0 0 1 0 0 1 0 2 1 0 0 0 0 0 0 1 1 0 1 2
baby_sub81 1 0 0 1 0 0 1 1 1 1 2 2 2 2 0 0 1 0 1 2 1 1 0 1 0 2 0 0 2 1 0 1 1 0 2 0 1 2 0 0 0 0 1 0 2 0 0 0 0 0
baby_sub82 1 0 0 2 0 0 0 2 1 2 0 1 0 1 0 0 0 0 0 0 0 1 0 2 0 0 1 1 0 0 0 0 0 0 1 0 2 0 1 1 1 0 0 0 1 2 0 0 0 0
baby_sub83 0 1 0 1 0 0 1 2 2 1 0 1 0 0 0 0 0 0 2 0 0 1 0 1 0 2 1 0 0 1 0 2 0 0 2 1 1 2 0 1 1 0 1 0 1 1 0 0 1 0
baby_sub84 1 1 0 1 0 0 1 0 0 0 1 1 1 1 1 0 0 1 2 0 0 2 1 1 0 1 0 0 1 1 0 2 1 0 1 1 0 1 0 1 1 0 0 1 0 1 1 0 1 0
baby_sub85 0 0 0 1 0 0 0 0 1 1 1 2 1 2 1 0 1 0 0 1 0 0 1 2 1 2 0 1 1 0 0 1 0 0 0 0 1 2 0 0 0 0 1 0 0 0 0 0 0 0
baby_sub86 0 1 1 1 0 0 1 0 2 1 0 2 1 1 0 0 0 0 1 0 0 1 0 1 1 1 2 1 0 2 0 1 0 0 0 0 1 1 0 1 0 0 0 1 0 1 1 0 0 1
baby_sub87 1 1 0 2 0 0 0 2 1 1 0 0 1 0 0 1 1 0 1 0 0 1 2 0 1 0 0 1 1 1 0 1 0 0 2 0 1 0 0 0 1 0 0 1 0 0 0 0 0 0
baby_sub88 1 1 0 0 0 0 0 1 1 2 1 2 2 0 1 0 0 0 0 2 0 0 0 0 0 1 0 0 0 2 1 2 0 0 0 1 2 1 0 0 0 0 0 1 2 1 1 0 1 0
baby_sub89 1 0 0 0 0 0 0 1 1 1 0 0 1 0 0 1 0 0 1 1 2 0 0 0 0 0 1 0 1 1 1 2 0 0 1 0 1 0 0 1 2 0 0 0 1 1 1 0 0 1
baby_sub90 0 1 0 0 0 0 1 1 0 0 1 1 0 1 0 0 0 0 1 0 0 1 2 1 1 0 0 0 0 1 0 1 0 0 0 0 0 0 0 0 0 0 1 0 0 0 0 0 0 1
baby_sub91 0 1 1 2 0 0 0 0 0 0 1 2 0 1 1 0 1 0 0 0 0 1 1 0 0 0 1 0 0 1 0 0 0 0 0 0 0 0 0 0 1 0 0 0 0 0 0 0 0 0
baby_sub92 0 0 0 0 0 0 0 1 1 0 0 1 0 1 0 0 0 0 0 0 0 2 0 2 0 1 0 0 1 1 0 1 1 0 0 0 0 0 1 1 1 0 0 0 0 2 0 0 0 0
baby_sub93 0 0 0 2 1 0 0 1 1 0 0 0 0 2 2 0 1 1 0 0 1 1 2 2 0 1 1 0 1 1 0 2 0 1 1 0 0 1 0 1 1 0 0 0 0 2 0 1 0 0
baby_sub94 2 1 0 2 1 0 0 1 2 1 1 0 1 1 2 1 0 0 1 1 0 1 0 1 0 1 0 0 1 0 1 0 0 0 1 0 1 0 1 0 1 0 1 0 1 1 1 1 0 0
baby_sub95 1 0 0 1 1 0 0 1 2 0 1 1 0 1 0 1 0 0 0 1 0 1 0 0 0 1 0 0 1 1 0 1 0 0 1 0 0 0 0 1 1 0 0 0 0 1 0 0 0 0
baby_sub96 0 2 0 1 1 0 1 0 1 2 1 1 2 1 1 0 0 0 2 1 0 1 0 0 0 1 1 0 0 1 0 0 0 1 1 1 2 0 0 1 0 0 2 0 2 1 2 0 1 1
baby_sub97 1 0 0 0 0 0 0 0 0 1 0 1 1 0 1 0 0 0 1 0 0 1 0 0 1 0 1 1 0 1 0 2 0 0 1 1 1 0 1 0 2 0 0 1 0 1 1 0 1 1
baby_sub98 1 0 1 0 0 0 1 0 0 1 1 1 1 0 0 0 0 0 1 1 1 0 1 1 0 1 1 1 0 1 0 0 0 0 1 0 1 0 0 0 1 0 0 1 0 0 0 0 0 1
baby_sub99 1 1 1 0 0 1 1 0 1 1 0 1 2 2 0 0 0 0 1 2 1 1 1 0 1 0 0 0 0 1 0 1 0 0 0 1 1 0 0 1 1 0 0 1 1 1 1 0 1 1
baby_sub100 2 0 0 1 1 0 0 0 0 2 0 0 1 0 1 0 0 2 0 1 0 2 0 0 1 1 0 0 0 0 0 0 1 0 0 1 2 1 0 0 0 0 0 0 2 0 2 0 1 1
