mom_subject_id SNP1 SNP2 SNP3 SNP4 SNP5 SNP6 SNP7 SNP8 SNP9 SNP10 SNP11 SNP12 SNP13 SNP14 SNP15 SNP16 SNP17 SNP18 SNP19 SNP20 SNP21 SNP22 SNP23 SNP24 SNP25 SNP26 SNP27 SNP28 SNP29 SNP30 SNP31 SNP32 SNP33 SNP34 SNP35 SNP36 SNP37 SNP38 SNP39 SNP40 SNP41 SNP42 SNP43 SNP44 SNP45 SNP46 SNP47 SNP48 SNP49 SNP50
mom_sub1 2 1 0 2 0 0 0 1 2 1 0 1 0 0 1 0 0 1 1 0 0 0 0 1 0 0 1 0 0 1 0 2 1 0 1 1 1 0 0 1 0 0 0 2 1 1 1 0 1 1
mom_sub2 2 1 1 1 0 0 1 1 0 2 0 0 1 2 1 0 0 0 0 0 1 0 1 1 0 1 0 2 1 1 0 0 0 0 0 0 0 0 0 1 2 0 0 0 0 1 2 0 0 1
mom_sub3 0 1 0 0 0 0 2 0 1 0 0 0 1 1 0 0 0 1 1 1 0 0 1 1 0 1 1 0 0 0 0 0 0 0 1 1 1 1 0 1 0 0 0 1 0 1 2 0 1 0
mom_sub4 1 0 0 0 0 0 1 0 0 0 0 0 0 0 0 1 0 0 1 1 1 1 1 0 1 2 1 0 0 2 0 1 0 0 1 1 2 2 1 1 0 0 0 0 0 2 2 0 1 2
mom_sub5 1 0 0 0 0 0 1 0 1 0 0 0 1 1 0 0 0 1 0 1 0 1 0 1 0 1 1 0 1 2 0 1 0 0 0 1 1 0 0 0 2 1 0 0 0 0 0 0 1 0
mom_sub6 2 1 0 0 0 0 0 0 0 0 0 0 0 0 0 0 0 0 0 0 1 1 0 1 1 1 0 0 1 2 1 2 0 0 0 0 2 0 0 0 1 0 1 0 0 0 1 0 0 1
mom_sub7 0 1 1 1 0 0 1 1 1 0 2 1 1 1 0 0 0 0 0 1 1 1 1 1 0 0 1 0 0 2 0 0 0 0 1 1 1 0 0 0 0 0 0 0 0 0 1 0 1 0
mom_sub8 1 1 0 0 1 0 0 1 1 0 1 1 0 0 0 0 0 0 0 0 1 1 0 1 1 1 1 0 0 1 1 1 0 1 1 0 2 1 1 1 0 0 0 0 0 2 0 0 0 0
mom_sub9 1 0 1 1 0 0 1 0 0 1 1 1 0 1 0 0 0 0 0 0 0 0 0 1 0 0 2 0 0 2 0 1 1 0 0 0 1 0 0 0 1 0 1 0 1 2 1 0 0 0
mom_sub10 0 0 0 1 0 0 1 0 1 2 1 1 1 1 0 0 0 0 1 1 0 1 0 1 0 1 0 0 0 1 0 0 0 0 0 0 0 0 0 0 0 0 0 0 2 1 1 0 0 0
mom_sub11 2 1 0 0 0 0 1 1 1 2 2 2 0 0 0 1 1 0 2 0 0 2 0 1 0 0 1 0 1 1 0 1 0 0 1 0 0 0 1 1 0 0 0 0 2 2 0 0 0 1
mom_sub12 2 0 0 2 0 0 1 0 0 1 1 1 1 0 1 0 1 0 1 1 0 0 0 1 1 1 0 0 1 1 1 1 0 0 1 0 1 1 0 0 0 0 0 1 1 0 1 0 0 0
mom_sub13 0 0 0 2 1 0 2 0 0 1 0 1 1 2 1 1 0 0 1 1 0 2 1 1 0 1 1 0 1 2 0 1 1 1 0 0 1 1 0 0 0 0 0 1 0 0 1 0 0 0
mom_sub14 1 1 0 1 0 0 1 0 0 0 0 0 1 1 0 0 1 1 1 0 1 1 0 0 1 1 2 0 2 2 0 0 0 0 2 0 2 1 0 1 0 0 0 0 0 1 1 0 0 0
mom_sub15 2 1 0 2 0 0 0 2 1 1 0 1 1 2 0 0 0 1 0 1 1 1 0 0 0 0 1 0 1 1 0 0 1 0 1 1 1 0 0 0 0 0 0 0 1 0 2 0 1 1
mom_sub16 1 1 0 0 0 0 1 0 1 2 0 0 2 1 0 0 0 0 1 0 0 0 0 1 0 1 2 1 1 1 0 1 0 0 1 0 0 1 1 0 2 0 0 0 1 1 0 0 0 1
mom_sub17 0 1 0 1 0 0 1 1 1 2 0 1 2 1 1 0 0 0 0 0 1 1 1 1 0 2 2 1 1 1 0 1 0 0 1 0 0 1 1 0 0 0 0 0 1 1 2 0 0 0
mom_sub18 1 1 0 1 0 0 1 0 0 2 1 1 0 2 0 0 0 0 2 0 1 2 1 1 1 1 2 0 1 2 0 0 0 0 0 1 0 0 2 0 0 0 0 1 2 2 0 0 1 2
mom_sub19 1 0 0 0 0 0 0 1 0 1 0 1 1 1 0 1 0 0 1 1 0 0 1 1 0 2 0 0 0 2 0 2 0 0 0 0 1 2 0 0 0 0 0 0 1 1 1 0 0 1
mom_sub20 1 0 0 1 0 0 1 1 0 1 1 1 1 1 2 1 0 0 1 1 1 1 0 1 0 2 1 0 0 1 1 2 0 0 1 1 1 2 0 0 1 0 0 0 1 0 0 0 1 0
mom_sub21 1 1 0 0 0 0 2 1 1 1 1 0 0 2 0 0 0 0 0 0 0 1 0 2 1 1 1 0 0 1 0 0 0 0 0 0 1 1 0 1 0 0 1 0 0 1 0 0 0 1
mom_sub22 1 1 0 2 0 0 2 1 1 1 0 1 1 1 1 0 0 0 1 0 0 1 0 1 2 0 2 1 0 1 0 1 0 0 1 1 1 0 1 0 1 1 0 0 0 1 1 0 1 1
mom_sub23 1 1 0 2 0 0 1 0 0 1 1 1 0 0 0 0 1 0 2 0 1 0 0 0 0 0 1 0 1 2 0 1 0 0 0 0 1 0 0 0 0 1 1 0 0 0 1 0 0 1
mom_sub24 2 1 0 1 0 0 1 0 2 1 1 2 1 1 0 0 0 0 1 1 1 0 0 0 0 0 0 0 1 2 1 1 1 0 0 0 1 0 0 1 1 1 0 1 1 1 0 0 0 0
mom_sub25 1 0 0 0 0 0 2 0 0 2 1 1 1 0 1 1 0 0 1 0 0 0 1 1 1 1 0 0 0 1 0 0 1 0 0 1 0 0 0 0 0 0 0 1 1 0 1 0 1 1
mom_sub26 1 0 0 0 0 0 1 2 0 0 0 2 0 1 0 1 0 0 0 0 1 1 0 1 1 1 1 0 0 0 0 1 0 0 1 0 2 1 1 0 1 0 1 0 0 1 0 0 0 0
mom_sub27 2 1 0 1 0 0 0 0 0 1 0 1 0 1 0 0 0 0 0 0 2 1 0 2 0 1 2 0 1 1 1 0 0 0 2 0 1 1 1 1 1 0 0 0 1 2 2 0 0 1
mom_sub28 0 0 0 1 0 0 1 0 1 1 0 1 1 1 1 1 1 0 1 1 1 1 0 0 0 2 1 0 1 1 0 1 1 0 0 0 1 2 1 0 2 0 0 0 1 1 0 1 0 2
mom_sub29 1 1 1 1 0 0 0 0 1 0 0 0 0 0 0 0 0 0 0 0 0 1 0 0 0 1 0 0 0 1 0 0 0 0 2 1 2 1 0 0 1 0 0 1 0 0 1 0 1 1
mom_sub30 2 0 0 1 0 0 0 1 1 1 0 0 0 0 0 0 0 0 0 0 1 0 0 0 1 2 1 0 1 2 0 0 0 0 0 1 1 0 0 1 0 0 0 0 1 1 1 0 1 0
mom_sub31 1 0 0 1 0 0 2 1 1 0 1 1 0 1 0 1 0 0 2 0 1 1 0 0 0 2 0 0 0 1 0 1 0 0 1 0 2 2 0 1 1 0 0 0 0 2 0 0 0 1
mom_sub32 1 0 0 0 0 0 0 2 0 1 1 1 1 1 0 1 0 0 0 1 0 0 0 1 0 2 0 0 0 1 1 1 0 0 0 1 1 1 0 0 0 0 0 0 1 1 0 0 1 0
mom_sub33 0 2 0 0 0 0 0 0 0 1 0 2 1 1 0 0 0 0 0 1 0 2 1 0 0 2 1 0 1 2 0 2 0 0 2 0 1 1 0 0 1 0 0 0 1 0 1 0 0 1
mom_sub34 1 1 0 2 0 0 1 0 1 1 1 1 0 0 0 0 0 0 1 0 1 2 1 0 0 0 1 0 0 2 0 1 0 0 0 1 1 0 0 0 1 0 0 1 1 1 0 0 1 2
mom_sub35 2 0 0 1 0 0 2 0 1 1 0 0 1 1 0 0 1 0 0 1 0 0 0 1 0 2 2 0 1 1 0 2 0 0 0 0 1 1 0 1 1 1 0 0 1 1 1 0 0 1
mom_sub36 1 1 0 0 0 0 0 0 0 2 0 1 1 0 0 1 0 0 0 0 1 0 1 0 0 0 0 1 0 1 0 2 1 0 1 1 0 0 0 1 0 0 0 1 1 1 2 0 1 1
mom_sub37 2 1 0 1 0 0 1 2 1 1 1 1 0 1 2 0 0 1 1 0 0 0 0 0 1 2 2 0 0 0 1 1 0 0 0 1 1 2 0 0 2 0 0 0 1 0 1 0 1 0
mom_sub38 1 1 0 0 1 0 0 0 0 2 0 1 1 2 1 0 0 0 0 1 0 1 1 1 1 1 1 0 0 0 0 1 1 0 0 0 0 1 0 1 1 0 0 0 1 1 1 0 0 0
mom_sub39 0 1 0 0 0 0 0 0 0 1 1 2 0 0 1 1 0 0 0 0 1 1 0 2 0 1 1 0 0 1 0 1 1 0 0 1 1 1 1 0 0 0 0 0 1 1 1 0 1 0
mom_sub40 1 0 0 0 0 0 2 0 0 0 0 1 1 1 1 0 0 0 1 1 1 1 0 1 1 0 1 0 0 1 0 1 0 0 0 0 2 0 1 1 1 1 0 0 0 2 1 0 0 1
mom_sub41 2 0 0 1 0 0 0 1 0 2 0 0 2 0 0 0 0 0 0 2 0 0 0 0 1 2 1 0 0 2 0 0 1 0 0 0 0 2 1 0 1 0 0 0 2 1 1 0 0 1
mom_sub42 2 0 0 1 0 0 1 1 0 0 1 2 0 2 1 0 0 0 0 0 0 1 0 1 0 1 1 0 0 0 1 0 0 0 1 0 2 1 0 0 1 0 0 0 0 0 0 0 0 1
mom_sub43 0 0 0 1 0 0 1 2 1 1 0 1 0 1 0 0 0 0 1 0 1 1 1 1 1 1 1 0 0 0 0 0 0 0 2 0 1 1 1 0 1 0 0 0 1 2 1 0 0 1
mom_sub44 0 1 0 1 1 0 0 1 2 0 0 1 1 2 1 0 0 0 0 1 1 0 0 0 1 0 1 0 0 0 0 0 1 1 0 0 2 0 0 1 0 0 0 0 0 1 1 0 0 1
mom_sub45 0 1 0 1 1 0 1 1 0 0 1 2 0 0 0 1 0 0 0 0 0 2 0 0 0 2 1 0 0 1 0 1 0 1 0 0 2 1 0 0 1 0 1 0 0 0 0 0 0 0
mom_sub46 1 0 0 1 0 0 1 0 1 2 1 1 1 1 1 1 1 0 2 1 0 2 0 0 1 2 1 0 1 1 1 0 1 0 0 0 0 1 0 1 1 0 0 0 2 1 1 0 0 0
mom_sub47 1 1 0 1 0 0 1 1 1 1 1 0 0 0 0 0 0 0 1 0 0 0 0 0 0 1 1 0 1 1 0 0 0 0 1 0 1 0 1 0 1 0 0 0 0 1 0 0 0 0
mom_sub48 1 0 0 1 0 0 0 0 0 1 0 0 0 1 0 1 0 0 1 0 1 1 0 0 0 1 0 0 1 0 0 1 1 0 0 0 1 0 1 1 1 0 0 1 1 1 1 0 0 2
mom_sub49 2 2 1 0 0 0 2 0 1 0 0 1 2 1 0 1 1 0 1 1 0 0 1 0 1 0 0 0 1 1 0 0 0 0 0 0 2 0 1 0 0 0 0 0 0 1 1 0 0 1
mom_sub50 0 1 0 1 0 0 1 1 0 2 1 1 2 1 0 0 0 0 1 2 1 1 1 1 0 2 0 0 0 2 0 1 0 0 2 0 0 2 0 0 1 0 0 0 2 1 1 0 0 1
mom_sub51 2 0 0 1 0 0 1 1 1 1 0 1 1 2 0 0 0 0 0 0 0 1 0 1 0 0 1 1 0 2 0 1 0 0 1 1 1 0 0 0 0 0 0 0 0 0 1 0 1 1
mom_sub52 1 2 0 1 0 0 1 1 0 2 0 0 2 2 0 0 0 0 2 0 0 2 0 1 0 0 1 1 0 0 0 1 0 0 1 2 0 0 0 1 1 0 0 0 1 1 1 0 2 1
mom_sub53 1 0 2 1 0 0 1 1 0 1 0 0 1 0 0 0 0 0 1 0 0 0 0 0 0 2 0 1 2 0 0 0 1 0 0 1 1 0 0 1 1 0 0 0 0 1 1 0 1 1
mom_sub54 1 1 0 1 0 0 0 1 0 1 0 2 1 1 0 0 0 0 2 1 1 0 0 0 0 1 2 0 0 2 0 2 0 0 2 0 1 1 0 1 0 0 0 0 1 1 2 0 0 0
mom_sub55 0 0 0 0 0 0 1 0 0 1 0 1 1 1 0 1 0 0 1 1 1 0 1 0 0 1 0 0 0 0 0 2 0 0 1 0 1 1 0 0 0 0 0 0 1 0 1 0 0 1
mom_sub56 1 0 0 1 0 0 2 0 2 0 0 0 1 0 0 0 0 0 1 0 0 1 0 1 0 1 2 0 0 1 0 2 0 0 0 1 2 0 0 0 2 0 0 0 0 0 0 0 1 1
mom_sub57 1 2 0 2 0 0 0 2 0 2 2 0 2 1 1 1 1 0 1 2 0 0 0 0 1 1 0 0 1 1 1 1 0 0 0 0 0 1 1 0 1 0 1 0 2 1 0 0 0 0
mom_sub58 1 0 0 2 0 0 0 0 1 1 1 1 0 1 0 1 1 0 2 0 0 0 0 1 0 1 2 0 2 0 0 1 0 0 1 0 1 1 0 1 1 0 0 0 0 0 1 0 0 1
mom_sub59 1 2 0 1 0 0 1 1 0 0 1 1 1 1 1 1 1 1 0 1 0 0 1 1 1 0 0 0 2 1 0 1 0 0 0 0 1 0 0 0 0 2 0 0 0 0 0 0 0 1
mom_sub60 0 1 0 1 0 0 0 0 1 0 2 1 0 0 1 0 1 1 1 0 0 1 0 2 0 1 1 0 2 0 0 1 0 0 0 0 2 1 1 0 1 0 0 0 0 1 0 0 0 0
mom_sub61 2 0 0 1 0 0 1 0 0 1 1 1 1 1 2 0 0 1 0 1 0 0 0 2 0 0 0 0 0 1 1 1 0 0 0 0 0 0 0 0 1 0 0 0 0 0 0 0 0 0
mom_sub62 0 0 2 1 0 0 2 0 0 1 0 1 1 1 0 0 1 0 2 1 0 2 1 0 0 2 1 0 1 2 0 0 0 0 1 0 1 1 0 1 0 0 1 0 1 1 0 0 0 0
mom_sub63 2 0 0 2 0 0 1 1 0 2 0 0 2 2 0 0 0 0 1 1 0 0 1 0 1 0 1 1 0 1 0 1 0 0 1 1 0 0 0 0 1 0 1 1 1 0 1 1 1 0
mom_sub64 2 0 0 1 0 0 2 0 0 1 1 1 2 2 0 0 2 0 0 2 1 0 0 1 0 1 2 0 2 0 0 1 0 0 2 0 1 1 0 0 0 1 0 0 0 0 0 0 0 1
mom_sub65 1 0 0 0 0 0 1 2 2 2 1 1 0 0 0 0 1 0 1 0 0 0 1 0 0 1 0 1 1 0 1 1 0 0 1 2 0 1 0 0 0 0 0 1 1 0 0 0 2 0
mom_sub66 1 0 0 0 0 0 1 2 1 2 1 1 2 2 0 1 0 0 1 2 0 1 1 2 1 1 1 0 1 1 0 0 0 0 1 0 0 0 0 1 0 0 0 0 2 1 0 0 0 0
mom_sub67 1 2 0 2 0 0 1 0 1 1 1 0 2 0 0 0 0 0 0 1 0 1 0 0 1 1 1 1 0 0 0 2 0 0 1 0 0 1 0 1 1 0 0 0 0 1 1 0 0 0
mom_sub68 0 0 0 1 0 0 1 1 1 1 1 1 1 0 0 1 0 0 1 1 0 0 0 1 0 1 1 0 0 0 0 1 0 0 2 1 1 1 1 0 2 1 0 0 1 1 0 0 1 0
mom_sub69 2 2 0 0 0 0 0 1 1 0 0 1 1 2 0 1 0 0 2 1 0 0 1 2 0 2 0 0 0 1 0 0 0 0 1 0 2 2 0 1 1 0 1 0 1 1 1 0 0 1
mom_sub70 0 1 0 0 1 0 0 0 1 2 0 1 1 2 2 0 0 0 2 1 0 1 0 1 1 1 1 0 0 1 0 0 0 1 0 1 0 0 0 0 1 0 1 1 1 0 1 0 1 1
mom_sub71 1 1 0 0 0 0 1 1 1 1 0 0 1 2 1 1 0 0 1 2 0 0 0 1 1 1 0 0 0 0 0 2 1 0 0 0 1 1 2 0 1 0 0 0 1 2 0 0 0 1
mom_sub72 1 0 0 1 0 0 0 0 0 0 0 0 1 1 0 0 1 0 0 1 1 1 1 2 1 1 0 0 1 0 0 0 0 0 1 1 1 1 0 0 1 0 0 0 1 0 0 1 1 1
mom_sub73 1 0 0 0 0 0 1 0 0 1 0 0 1 2 1 0 1 0 0 1 0 1 0 1 0 0 2 0 1 0 0 1 0 0 1 0 1 0 0 1 0 0 0 1 1 1 1 0 0 1
mom_sub74 1 2 0 0 0 0 1 1 0 0 0 0 1 1 0 0 0 0 0 1 0 1 1 1 0 1 0 0 0 1 0 1 0 0 0 0 1 1 0 1 1 0 1 0 0 1 0 0 0 0
mom_sub75 1 1 0 0 0 0 1 0 1 0 0 1 0 0 1 0 2 0 1 0 0 2 1 1 2 2 2 0 2 1 0 1 2 0 0 1 2 2 0 1 1 0 0 0 0 1 1 0 1 1
mom_sub76 1 1 1 0 0 1 0 0 0 1 0 1 2 2 1 0 0 0 2 2 2 0 1 0 0 1 1 0 0 1 0 1 0 0 0 1 1 1 0 0 1 0 0 1 1 0 1 0 1 2
mom_sub77 0 0 0 2 0 0 0 0 1 1 0 1 2 1 0 0 0 0 0 2 1 2 1 0 0 2 1 0 1 0 0 0 0 0 2 0 1 0 0 0 0 0 0 0 2 0 2 0 0 0
mom_sub78 1 0 0 1 0 0 2 1 0 2 0 0 1 2 2 0 1 0 1 1 0 1 0 1 0 0 1 0 2 1 0 1 1 0 1 0 0 0 0 0 1 1 1 0 2 0 0 0 0 2
mom_sub79 2 1 0 1 0 0 0 0 1 1 2 1 1 1 0 0 1 0 1 1 1 0 0 2 1 1 0 0 2 1 2 1 0 0 1 2 1 0 1 1 1 0 0 0 1 2 0 0 2 0
mom_sub80 1 0 0 0 0 0 0 0 0 0 0 1 0 0 0 0 0 0 1 0 1 1 1 1 0 2 0 0 1 2 0 1 1 0 1 1 2 2 0 0 0 0 0 0 0 0 1 0 1 2
mom_sub81 1 0 0 1 0 0 1 1 2 0 1 1 1 1 1 0 1 1 0 1 1 2 0 1 0 2 1 0 1 1 0 2 0 0 1 0 2 2 0 0 0 0 1 0 1 0 0 0 0 0
mom_sub82 1 1 1 1 0 0 1 1 1 1 1 0 0 1 0 1 0 0 0 0 0 1 1 1 0 1 1 0 0 1 0 0 0 0 1 0 1 1 1 0 1 0 0 0 1 1 0 0 0 1
mom_sub83 1 0 0 0 0 0 2 1 1 2 0 1 1 1 0 1 0 0 2 1 1 2 0 0 0 2 0 0 0 0 0 1 0 0 1 2 0 2 0 0 1 0 0 0 2 0 1 0 2 1
mom_sub84 2 0 0 0 0 0 0 1 1 1 1 1 2 1 2 0 0 2 2 1 0 0 0 1 0 0 0 0 0 0 1 2 1 0 1 1 1 0 0 0 1 0 0 1 1 0 1 0 1 1
mom_sub85 0 0 0 1 0 0 1 1 1 1 0 1 1 2 1 1 1 0 1 1 0 2 1 2 1 1 1 0 1 0 0 0 0 0 1 1 1 1 0 0 1 0 1 0 1 0 0 0 1 1
mom_sub86 1 1 0 1 0 0 1 0 1 1 1 2 1 1 0 0 1 0 0 0 0 1 1 1 1 0 1 1 1 2 0 1 0 0 0 0 1 0 0 0 1 0 0 1 0 0 0 0 0 1
mom_sub87 0 0 1 1 0 0 1 2 2 1 0 0 1 0 0 0 0 0 0 1 0 2 1 0 1 1 0 0 0 2 0 0 0 0 2 0 1 1 0 1 1 0 0 0 1 1 0 0 0 0
mom_sub88 1 1 0 1 0 0 1 1 1 2 1 1 2 1 1 0 0 0 1 1 0 2 0 1 0 1 0 1 0 2 1 1 0 0 0 0 0 2 0 0 0 0 0 0 1 1 2 0 0 1
mom_sub89 1 0 0 0 0 0 1 1 1 0 0 1 1 1 0 1 0 0 2 1 1 2 0 0 0 0 2 0 1 1 1 2 0 0 2 0 2 0 0 2 1 0 0 1 0 2 0 0 0 0
mom_sub90 1 1 0 0 0 0 1 1 1 1 1 1 0 0 0 0 0 0 1 0 0 0 1 0 0 0 1 0 0 0 1 1 0 0 0 1 1 0 0 1 0 0 1 0 0 1 0 0 1 0
mom_sub91 1 1 1 2 0 0 1 0 0 0 2 2 0 1 1 0 0 0 1 0 0 0 2 0 1 0 0 0 0 1 0 0 0 0 1 1 2 0 0 0 1 0 0 1 0 0 0 0 1 0
mom_sub92 0 1 0 1 0 0 0 1 1 0 0 1 1 1 1 1 1 0 0 1 0 0 0 1 0 2 1 0 1 2 0 2 0 0 0 0 2 1 1 1 0 0 0 0 0 2 0 0 0 0
mom_sub93 0 0 0 2 1 0 1 0 0 0 0 1 1 1 1 0 1 0 0 1 1 2 1 1 0 1 0 0 2 1 0 1 0 1 0 0 2 1 0 1 2 0 0 0 0 1 0 1 0 0
mom_sub94 2 1 0 1 1 1 1 1 1 2 0 0 1 1 2 1 0 0 0 1 0 1 0 1 0 1 1 0 1 0 0 1 0 0 2 0 0 0 0 0 1 0 1 0 2 0 2 1 0 0
mom_sub95 1 0 1 1 1 0 1 0 1 1 0 2 1 2 1 0 0 0 0 0 1 1 0 1 0 0 1 1 0 1 0 0 0 0 0 0 1 0 1 0 1 0 0 0 0 1 1 0 0 0
mom_sub96 0 2 0 1 0 0 1 0 1 2 1 0 2 1 2 0 0 0 2 1 0 1 0 0 0 2 2 0 0 1 0 0 0 0 0 1 0 1 0 2 0 0 1 0 2 1 2 0 1 0
mom_sub97 2 0 0 0 0 0 1 0 1 0 0 2 0 1 1 1 0 0 2 0 1 0 0 0 1 0 0 0 0 0 0 2 0 0 2 0 2 0 1 0 1 0 0 2 0 1 0 0 0 2
mom_sub98 2 0 0 0 0 0 1 0 0 1 1 0 1 0 1 0 1 0 1 2 0 1 1 2 1 1 0 0 1 0 0 1 0 0 2 0 1 0 0 0 0 0 0 1 1 0 1 0 0 1
mom_sub99 0 0 0 0 0 0 1 0 1 1 0 1 2 1 0 0 0 0 0 1 0 1 0 1 1 0 0 1 0 1 0 2 0 0 0 0 1 0 0 1 1 0 0 1 0 1 0 0 0 0
mom_sub100 1 0 0 0 0 0 0 0 1 1 0 1 0 1 0 0 0 1 0 0 0 0 0 0 1 1 1 0 0 1 0 0 1 0 0 1 1 1 1 0 1 0 0 1 1 1 1 0 1 1
